2004

NANJING TEXTILES IMPORT & EXPORT CORP., LTD.  

2004

600250 

 
 
 
 
 
 
 
 
 
 
 
 
 
 
 
 
 
 
2004

   1 

   2 

   4 

   8 

  13 

  21 

  23 

  25 

  41 

  44 

  48 

  94

 
 
    
 
2004

1 

 
 
 
 
  
 
  
 
  
 
      
  
 
2004

NANJING TEXTILES IMPORT & EXPORT CORP.,LTD 

NANTEX 

025-83331629 

025-83300518 

E-mail djnj@jlonline.com 

77

16

77

16

025-83331602 

025-83300518 

E-mail

ranfang@nantex.com.cn 

77

77

210009 

http://www.nantex.com.cn 

nantex@public1.ptt.js.cn 

http://www.sse.com.cn 

2 

 1

 2

 3

 4

 5

 
 
 
 
 
     
 
 
 
 
     
 
     
     
     
 
     
 
     
     
 
 
     
 
     
 
 
 
2004

 6

 7

600250 

1992

6

30

378

2004

8

2

77

3201001010095 

320106134967428 

26

8

3 

 
 
 
     
 
 
 
     
 
     
 
     
 
     
 
     
     
     
 
     
 
 
2004

4 

:

:

129,953,458.47 

67,192,512.60 

62,833,254.60 

514,759,483.93 

17,788,699.03 

121,431,429.29 

7,745,060.99 

1,273,987.84 

-497,019.65 

1,084,469,916.52 

257,676,953.71 

:

:

-3,335.02 

1,273,987.84 

858,250.74 

206,315.37 

2,895,724.93 

-871,685.86 

4,359,258 

 
 
 
 
 
  
 
  
  
  
  
  
  
  
  
  
  
  
 
 
 
  
 
  
             
  
  
  
  
 
  
  
           
  
 
2004

2004

2003

8,998,932,567.07

7,033,082,595.31

129,953,458.47

112,194,446.04

67,192,512.60

67,177,475.06

62,833,254.60

66,356,178.32

:

:

2002

(%)  

27.95 

15.83 

0.02 

-5.31 

3,976,443,412.94

69,193,736.72

47,262,734.93

43,015,808.36

2004

2003

4,324,907,088.96

4,253,529,690.96

801,256,020.42

735,167,533.54

2002

(%)  

1.68 

8.99 

2,408,972,031.29

688,266,138.38

1,084,469,916.52

113,394,263.52

856.37 

-265,110,015.35

2002

(%)  

-23.53 

-0.77 

-1.19 

635.09 

-23.53 

-27.27 

-27.27 

-0.71 

0.36

6.87

6.25

-2

0.36

0.32

0.32

7.10

0.34

9.09

8.97

0.57

0.34

0.33

0.33

9.46

2004

2003

0.26

8.32

7.78

4.19

0.26

0.24

0.24

8.75

5 

%  

%  

%  

 
 
 
 
   
 
  
  
  
  
  
  
  
  
 
  
  
  
  
  
  
  
  
  
  
  
  
 
 
 
 
  
  
  
  
2004

%  

8.18

9.35

-1.17 

6.27

2004

2003

3.10

3.00

2003

2002

(%)  

-15.99 

-17.13 

5.19

5.09

3.69

3.62

4 253

079 690.96

2004

4 253 529 690.96

450 000

%  

67.03 

15.81 

8.75 

8.18 

63.76 

15.04 

8.32 

7.78 

9

:

:

1.99 

0.47 

0.26 

0.24 

:

:

1.99 

0.47 

0.26 

0.24 

198,994,200.00 
343,104,268.68 
59,928,304.81 
29,277,087.94 
98,103,989.52 
-4,190,027.41 
9,949,710.00 
735,167,533.54 

59,698,260.00
10,601,568.56
7,143,101.86
7,093,756.14
68,887,028.92
-1,755,884.28
12,934,623.00
164,602,454.20

6 

59,698,260.00 
1,129,677.55 
564,838.77 
27,171,481.00 

9,949,710.00 
98,513,967.32 

258,692,460.00
294,007,577.24
65,941,729.12
35,806,005.31
139,819,537.44
-5,945,911.69
12,934,623.00
801,256,020.42

 
 
  
  
  
  
  
 
    
  
 
 
  
 
  
  
  
  
  
  
  
  
  
 
 
 
  
 
 
 
 
 
 
  
 
  
  
  
  
 
 
 
  
 
1

    2

3

    4

5

6

7

2004

2003

2004

7 

 
 
 
 
 
 
 
 
 
    
 
 
 
 
 
2004

:

93,544,200  

28,063,260 

28,063,260 121,607,460

93,544,200  

28,063,260 

28,063,260 121,607,460

20,037,600  

2,912,400  

6,011,280 

6,011,280 

26,048,880

-2,912,400 

-2,912,400 

0

116,494,200  

34,074,540 

-2,912,400 31,162,140 147,656,340

82,500,000  

25,623,720 

2,912,400 28,536,120 111,036,120

82,500,000  

198,994,200  

25,623,720 

59,698,260 

2,912,400 27,500,000 111,036,120

0 59,698,260 258,692,460

8 

1

2

3

4

1

2

3

4

1

2

(1) 

 
 
 
 
 
 
  
      
  
  
 
 
  
  
 
        
      
      
      
      
      
      
      
  
 
 
 
  
      
      
      
      
      
      
      
      
 
  
 
 
 
  
 
 
 
 
 
 
 
 
 
  
 
 
 
 
 
 
 
 
 
  
 
 
 
 
 
 
 
 
  
 
 
  
 
 
 
  
 
 
 
 
 
 
 
 
 
 
        
      
      
      
      
      
      
 
  
 
  
 
 
 
 
 
 
 
  
 
 
 
 
 
 
 
  
 
 
 
 
 
 
 
 
  
 
  
 
 
 
 
2004

(2)

    2004

2

5

(

2,914,400

A

284,879

41.46

42.92

2004

6

16

10

3

198,994,200

258,692,460

(3) 

1

2

16,181

5

A

16,176

(

)  

(%) 

28,063,260 

121,607,460 

47.01

3,311,280 

14,348,880 

5.55

7,737,020 

2.99

1,350,000 

5,850,000 

2.26

900,000 

3,900,000 

1.51

450,000 

1,950,000 

0.75

874,590 

0.34

9 

 
    
  
 
 
 
  
 
 
    
  
 
 
 
 
 
  
  
 
  
 
 
 
  
 
 
 
  
 
 
 
 
  
 
 
 
  
 
 
 
  
 
 
 
  
 
 
 
2004

537,000 

0.21

531,200 

0.21

518,600 

0.20

51 687 057

760,000,000

1996

3

10

3

1

2

3

10 

 
  
 
 
 
  
 
 
 
  
 
 
 
 
 
    
  
    
  
 
 
 
    
  
    
  
    
  
    
  
    
  
 
 
    
  
 
 
    
 
 
4

4

5

2004

7,737,020 

874,590 

537,000 

531,200 

518,600 

396,700 

364,700 

328,701 

292,440 

276,390 

A B H

A 

A 

A 

A 

A 

A 

A 

A 

A 

A 

51 687 057

11 

 
 
 
 
 
    
  
 
 
  
  
 
  
  
  
  
  
  
  
  
  
  
 
 
2004

12 

 
 
  
     
    
  
 
 
2004

1

:

54 

2003-05-30  

2006-05-30 

20,280

26,364 

6,084 

52 

2003-05-30  

2006-05-30 

20,280

26,364 

6,084 

47 

2003-04-29  

2006-04-29 

16,882

21,947 

5,065 

36 

2003-04-29  

2006-04-29 

16,882

21,947 

5,065 

37 

2003-04-29  

2006-04-29 

16,882

21,947 

5,065 

58 

2003-04-29  

2006-04-29 

45 

2003-04-29  

2006-04-29 

40 

2003-04-29  

2006-04-29 

51 

2003-04-29  

2006-04-29 

41 

2003-04-29  

2006-04-29 

39 

2003-04-29  

2006-04-29 

0

0

0

0

0

0

0 

0 

0 

0 

0 

0 

0 

0 

0 

0 

0 

0 

50 

2003-04-29  

2006-04-29 

16,882

21,947 

5,065 

48 

2003-04-29  

2006-04-29 

16,882

21,947 

5,065 

49 

2003-04-29  

2006-04-29 

11,646

15,140 

3,494 

13 

 
 
 
 
 
 
 
  
  
 
 
  
 
  
  
 
  
  
 
 
  
 
 
 
  
  
 
 
  
  
  
 
 
  
  
  
 
 
  
  
 
 
  
  
  
 
 
  
  
 
 
  
  
 
 
  
  
 
 
  
  
 
 
  
  
  
 
 
  
  
  
 
 
  
  
 
 
2004

58 

2003-05-30  

2006-05-30 

20,280

26,364 

6,084 

58 

2003-05-30  

2006-05-30 

20,280

26,364 

6,084 

41 

2003-05-30  

2006-05-30 

16,882

21,947 

5,065 

38 

2003-05-30  

2006-05-30 

16,882

21,947 

5,065 

52 

2003-05-30  

2006-05-30 

16,882

21,947 

5,065 

39 

2003-05-30  

2006-05-30 

16,882

21,947 

5,065 

48 

2003-05-30  

2006-05-30 

16,883

21,948 

5,065 

41 

2003-05-30  

2006-05-30 

11,646

15,140 

3,494 

42 

2004-08-18  

2006-05-30 

16,882

21,947 

5,065 

33 

2003-05-30  

2006-05-30 

11,646

15,140 

3,494 

1

2

1950

6

1994

1952

10

1994

14 

 
  
  
 
 
  
  
 
 
  
  
 
 
  
  
  
 
 
  
  
 
 
  
  
 
 
  
  
 
 
  
  
  
 
 
  
  
 
 
  
  
  
 
 
 
 
  
 
2004

3

4

5

6

5

2002

9

1957

12

1968

1

1967

12

1946

3

1999-2002

7

1959

9

1999-2002

4

5

2002

-2004

2004

 4

1964

6

1953

12

5

8

9

WTO

10

1963

6

15 

002016

 
   
 
   
 
   
 
   
 
   
 
   
 
 
 
   
2004

(MPAcc)

(

(

600128)

600486)

(

600213)

11

1965

10

1997

12

2000

3

2000

3

2001

9

12

13

14

15

16

17

18

19

1954

12

1956

7

1955

3

1946

4

1946

10

1963

9

1966

10

1952

2

16 

 
 
   
 
   
 
   
 
   
 
   
 
   
 
   
 
   
 
   
 
2004

1965

10

1956

12

1963

1

1962

12

1971

6

20

21

22

23

24

2

1996

2002

2004

3

9

4

17 

 
   
 
   
 
   
 
   
 
   
 
 
 
 
 
 
 
  
  
 
 
 
 
 
 
 
  
 
 
 
 
 
 
  
  
 
  
  
 
 
  
  
 
 
  
  
 
 
  
  
 
 
 
 
 
 
  
  
 
 
 
 
 
 
2004

1

9

2

1998

99

355

1999

70

18 

 
  
  
 
 
  
  
 
 
  
  
 
 
  
  
 
 
  
  
  
 
 
  
  
  
 
 
  
  
  
 
 
  
  
  
 
 
  
  
  
 
 
  
  
  
 
 
  
  
  
 
 
  
  
  
 
 
  
  
  
 
 
  
  
  
 
 
  
  
  
 
 
  
  
  
 
 
     
 
 
 
 
 
 
3

4

5

25

30

20-25

20

:

:

358.03 

72 

72 

3.6

/

·

1 

14 

3 

2004

19 

 
 
 
 
  
 
  
  
  
  
 
  
 
 
 
  
 
  
 
  
  
 
  
 
 
 
  
  
  
  
  
 
 
 
  
 
  
 
  
  
 
    2004

8

18

2004

373

29

1

2

81 

292 

315 

58 

20 

 
  
 
 
    
  
 
 
 
  
  
  
  
 
 
  
  
  
  
 
 
2004

0 

0 

2 

0 

0 

0 

11

3

6 

6 

6 

6 

6 

4 

21 

1

2

    1

 
 
 
 
 
 
  
 
 
 
  
 
 
  
  
 
 
 
 
 
    
  
 
 
2004

    2

    3

   4

    5

1998 9

1999

99

355

70%

22 

 
 
 
 
 
 
 
 
      
 
  
 
2004

    1

2003

2004

3

25

www.sse.com.cn)

2003

829

872

    2

2003

2004

5

12

19

113

198

994 200

57.20%

2003

<

>

1

2

3

4

5

6

7

8

2003

2003

2003

2003

2003

2003

2004

5

13

1

2004

      2004

7

15

www.sse.com.cn)

2004

16

2004

2004

8

18

23 

 
 
 
 
 
  
  
 
  
      
 
   
 
   
 
   
 
   
 
 
 
 
 
 
 
 
  
  
 
 
  
147,949,499

258 692

460

57.19%

2004

1

2)

3)

2

2004

      2004

11

26

www.sse.com.cn)

27

2004

2004

8

17

2004

2004

12

19

147 977 482

258 692 460

57.20%

147 656 340

321 142

1

2

3

<

>

2004

12

28

24 

 
  
 
 
 
  
  
 
  
  
      
 
 
 
  
  
 
      2004

1

(1)

2004

72.1

(2)

2004

12

7

200

9.47

121

64084

94655

3.2

2003

18.67

30571

12995.35

6719.25

:

:

17,954.72 

4,778.79 

2,804.87 

(%) 

33.75 

8.98 

5.27 

(%) 

23.20 

21.36 

13.79 

208,789.67 

192,187.52 

124,139.11 

25 

 
 
 
 
 
 
  
 
 
 
 
      
 
 
 
 
  
 
  
 
  
  
  
  
:

(3)

2004

9.95 

9.33 

9.06 

7.50 

3.05 

1.70 

0.03 

1.03 

0.04 

/

/

(%) 

16.00 

13.87 

8.55 

4.64 

2.81 

2.66 

2.33 

1.12 

0.92 

8.55 

89,568.54 

83,953.96 

81,506.67 

67,485.01 

27,413.25 

15,310.67 

311.99 

9,226.87 

383.97 

899,893.26 

899,893.26 

143,985.79 

124,850.96 

76,970.13 

41,790.65 

25,286.60 

23,935.59 

20,938.30 

10,107.52 

8,245.93 

76,953.13 

26 

4,277.97 

1,159.15 

7,226.31 

3,117.34 

10,101.39 

1,116.86 

67.25 

602.04 

0 

51,475.95 

51,475.95 

 383.97

:

:

9,406.93 

8,156.81 

5,028.64 

2,730.28 

1,652.03 

1,563.77 

1,367.95 

660.35 

538.73 

5,027.53 

8.04 

2.18 

13.58 

5.86 

18.99 

2.10 

0.13 

1.13 

0 

/

/

(%) 

17.68 

15.33 

9.45 

5.13 

3.10 

2.94 

2.57 

1.24 

1.01 

9.45 

 
  
  
  
  
  
  
  
  
  
  
  
 
 
  
 
 
    
 
  
 
 
  
 
  
 
  
  
  
  
  
  
  
  
  
  
  
:

(4)

2

(1)

2004

38.54 

0.04 

/

/

17,073.67 

32.09 

0 

51,475.95 

51,475.95 

0 

/

/

:

:

(%)  

190,834.95 

187,408.73 

121,334.24 

74,280.36 

17,311.86 

8.60 

2.49 

2.26 

8.87 

36.85 

:

:

52,000,000.00

228,218,877.02  

1,976,725.64 

10,000,000.00

14,950,225.67  

-2,926,473.81 

5,000,000.00

23,603,771.80  

475,961.80 

47,000,000.00

583,772,095.70  

56,323,424.70 

346,828.66 

383.97 

899,893.26 

899,893.26 

10%

208,789.67 

192,187.52 

124,139.11 

81,506.67 

27,413.25 

27 

 
  
  
  
  
 
 
  
 
 
 
 
 
 
  
 
  
  
  
  
  
  
  
  
 
 
 
  
 
  
 
  
  
  
  
  
 
  
  
 
  
  
 
  
 
2004

1,000,000.00

3,763,334.20  

7,187.88 

1,000,000.00

2,211,171.86  

6,792.15 

40,000,000.00

60,423,661.82  

1,032,434.67 

2,000,000.00

15,508,350.22  

627,772.90 

100,

35,

50,249,496.12  

2,303.31 

4,111,806.39  

840,722.10 

3,000,000.00

47,036,934.61  

19,871.48 

"

"

1,000,000.00

38,949,231.00  

111,146.06 

500,000.00

1,922,277.37  

15,449.94 

15,000,000.00

15,113,546.00  

20,260,000.00

19,919,792.91  

-357,012.37 

400,000,000.00

550,679,731.66  

0 

28 

 
  
  
  
 
  
  
 
  
  
 
 
  
 
  
  
 
  
  
 
  
  
 
  
  
 
  
  
 
  
  
 
  
  
 
 
  
 
  
2004

48,000,000.00

71,988,704.98  

553,634.21 

2005

6

137,560.71 

81,935.47 

:

:

16.25 

9.10 

121

11 

29 

3

4

    2004

2004

1

2

 
  
 
  
    
 
 
    
 
    
 
  
 
  
  
  
 
 
 
 
 
 
 
3

4

1

2

2004

2004

2

1

28,871.21

26,566.21

1,152.5

2001

42,344.79

24,230.20

:

:

3,000.00

103.24 

8,966.00

5,982.00

5,000.00

9,282.20

0 

19.89 

197.67 

0 

2,114.59

205.65 

3,000.00

8,966.00

5,982.00

5,090.00

12,040.00

2,378.00

30 

 
    
 
  
 
 
      
  
 
 
      
 
 
 
  
 
  
 
  
 
 
  
 
  
  
  
 
 
 
  
 
 
 
  
 
 
 
  
 
 
 
  
 
 
 
  
 
 
 
2004

8,000.00

/ 

42,344.79

526.45 

/ 

/ 

8,000.00

45,456.00

3,000

GMP

103.24

2,166.51

1,924.7

3,000

0.23

2,166.51

1,924.7

2005

6

2004

-35.70

2,582

2004

2,582

55.36

51

20,400

20,400

2004

11

65

2004

31 

3

1)

2)

3)

4)

5)

4

1)

 
  
 
 
 
 
  
 
 
    
  
      
  
    
  
      
  
    
  
      
  
    
  
      
  
    
  
      
  
 
 
    
  
      
2004

2)

3)

4)

33.48

1,425

190

2004

118

-19.37

4,324,907,088.96
514,759,483.93
67,192,512.60
257,676,953.71
801,256,020.42
8,998,932,567.07
8,466,865,648.92
1,084,469,916.52
7,745,060.99
129,953,458.47
183,628,249.39
158,246,712.15
69,241,792.13
15,739,462.95

4,253,529,690.96
437,514,191.94
67,177,475.06
855,220,837.66
735,167,533.54
7,033,082,595.31
6,588,698,719.62
113,394,263.52
3,856,333.72
112,194,446.04
145,688,014.96
169,578,630.59
22,592,578.42
4,478,370.55

:

:

71,377,398.00
77,245,291.99
15,037.54
-597,543,883.95
66,088,486.88
1,965,849,971.76
1,878,166,929.30
971,075,653.00
3,888,727.27
17,759,012.43
37,940,234.43
-11,331,918.44
46,649,213.71
11,261,092.40

1.68
17.66
0.02
-69.87
8.99
27.95
28.51
856.37
100.84
15.83
26.04
-6.68
206.48
251.46

1

2

32 

 
  
    
  
      
  
    
  
      
  
    
  
      
  
    
 
 
 
  
 
  
 
  
 
  
  
  
  
  
 
 
 
 
 
 
 
 
 
 
 
 
 
  
3

4

5

6

7

8

10

2004

2004

1

13

4

1

2004

33 

1

17

2005

1

 
 
 
 
 
 
 
 
 
 
 
 
 
 
 
 
 
 
 
2004

1

1)2004

3

23

2003

2003

2003

2003

<

<

>

>

2003

2)2004

4

21

2004

(3)2004

7

13

4)2004

8

18

    5)2004

10

21

2004

2004

34 

 
 
 
 
 
 
 
 
 
 
 
 
 
 
 
  
     
  
 
 
 
 
 
 
 
  
 
 
  
2004

6)2004

11

25

2

2004

2003

2004

2004

6

9

2003

2003

12

198 994

200

10

0.5

10

3

5

272 500

59 698 260

4

677

210

2004

90 568 780.81

67

298

796.76

1

2

10%

10%

2004

99

462

655.83

6

729

879.68

6

729

879.68

53 839 037.40

153

301

693.23

258 692 460

10

0.5

12 934 623.00

2004

2004

12

140

367

070.23

2004

12

31

2004

1-12

2005

0261

35 

 
  
 
 
 
 
  
      
 
      
  
 
 
      
 
 
 
 
 
  
 
 
 
2004

2003

056

1

36 

 
 
 
 
 
 
 
 
 
 
 
 
 
 
 
 
 
 
 
 
 
 
 
 
 
 
 
 
 
 
 
 
 
 
 
 
 
 
 
 
 
 
 
 
 
 
 
 
 
 
 
 
 
 
 
 
 
 
 
 
 
 
 
 
 
 
 
 
 
2004

37 

2

1,000,000.00  

1,000,000.00  

1,000,000.00  

1,000,000.00  

520,362.53  

21,180,612.92  

21,562,724.02  

902,473.63  

45,641.34  

932,736.39  

26,309,073.86  

1,736,481.28  

1,736,481.28  

1,736,481.28  

1,736,481.28  

21,820,000.00  

21,820,000.00  

6,713,846.15  

21,820,000.00  

223,930.10  

8,167,182.35  

8,622,849.70  

679,597.45  

462,125.24  

35,857.42  

8,607,978.33  

2,605,866.00  

2,605,866.00  

200,451.23  

2,605,866.00  

1,600,000.00  

1,600,000.00  

369,230.77  

1,600,000.00  

1,090,430.02  

684,344.40  

406,085.62  

87,522.13  

656,047.68  

1,734,774.42  

8,000,000.00  

13,542,700.90  

  21,542,700.90  

17,929,646.29  

21,542,700.90  

-35,634.05  

38,820,828.19  

15,883,255.12  22,901,939.02  

5,983,548.15  

22,901,939.02  

40,740,163.31  

1,164,500.00  

200,000.00  

964,500.00  

1,019,884.62  

1,164,500.00  

-5,298,687.89  211,380,597.89  206,081,910.00  

18,108,696.48  

75,488,510.00  

8,268,998.84  

9,020,280.40  

16,347,618.78  

941,660.46  

3,759,022.48  

9,072,766.64  

11,545,376.75  

900,000.00  

1,013,000.00  

1,913,000.00  

960,846.15  

1,913,000.00  

2,524,225.59  

7,484,691.85  

7,497,743.63  

2,511,173.81  

2,519,823.93  

3,183,473.95  

12,900,569.69  

100,000.00  

100,000.00  

100,000.00  

100,000.00  

4,983,624.88  

22,567,031.83  

22,660,607.34  

4,890,049.37  

4,677,646.25  

8,932,630.17  

37,967,001.95  

1,443,168.46  

9,430,473.69  

8,290,978.51  

2,582,663.64  

3,686,478.13  

2,108,317.61  

14,457,934.15  

31,394,018.51  

32,569,969.29  

1,175,950.78  

983,875.67  

589,382.54  

29,569,969.29  

 
 
 
 
 
 
 
 
 
 
 
 
 
 
 
  
  
 
 
 
 
  
  
 
 
  
  
 
 
 
 
  
  
 
 
  
  
 
 
  
 
 
 
 
 
 
  
 
 
  
 
 
 
 
  
 
 
 
 
  
  
  
 
 
 
 
 
 
  
2004

38 

-67,291,800.18  407,500,000.00  340,208,199.82  

69,057,630.69  327,208,199.82  

500,000.00  

64,878,280.00  

64,878,280.00  

500,000.00  

1,930,769.23  

9,800,000.00  

47,657,000.00  

47,657,000.00  

-1,430,769.23  

-9,300,000.00  

49,520,000.00  

48,520,000.00  

1,000,000.00  

-14,538,461.54  

1,000,000.00  

1,455,136.47  

822,759.10  

18,792,929.27  

18,908,596.69  

707,091.68  

1,405,604.59  

3,475,868.21  

233,481.55  

2,416,262.45  

298,073.91  

2,351,670.09  

1,349,852.43  

2,351,670.09  

2,416,262.45  

-  

78,813,770.63  

77,307,802.31  

1,505,968.32  

-546,879.70  

1,505,968.32  

18,534,782.54  

-  

16,000,000.00  

10,000,000.00  

6,000,000.00  

4,769,230.77  

14,000,000.00  

16,174,434.00  

-968,022.78  

-  

-  

-968,022.78  

-968,022.78  

-968,022.78  

-  

571,361.16  

15,000.00  

556,361.16  

422,831.22  

571,361.16  

-  

5,048,496.93  

4,837,859.29  

210,637.64  

624,951.72  

2,227,543.59  

18,752,955.85  

1,500,000.00  

4,000,000.00  

16,252,955.85  

19,137,571.23  

20,252,955.85  

672,127.76  

-11,939.46  

-  

660,188.30  

601,494.03  

672,127.76  

-  

2,569,895.92  

2,172,383.94  

397,511.98  

190,359.41  

572,922.74  

3,374,203.46  

-6,153,218.77  

52,669,984.75  

14,446,917.36  

32,069,848.62  

14,402,442.03  

41,068,157.18  

14,446,917.36  

-  

1,100,000.00  

600,000.00  

500,000.00  

300,000.00  

1,100,000.00  

8,737,658.23  

37,375,660.86  

10,910,616.63  

35,202,702.46  

19,542,868.40  

35,202,702.46  

8,535,503.34  

2005

3

29

 
 
 
 
 
 
 
 
 
 
 
 
  
 
 
  
  
  
  
 
 
  
  
 
 
  
 
 
 
 
  
  
  
 
 
  
  
  
  
 
 
  
  
  
  
 
 
  
  
  
  
 
 
  
  
  
  
 
 
  
  
  
  
 
 
  
  
  
 
 
 
  
  
  
  
 
 
  
  
  
  
 
 
  
  
  
 
 
 
  
  
  
  
 
 
  
  
  
 
 
 
 
 
 
2004

2004

50

2003

2003 56

70

[2003]56

2003

56

1 

2

3 

4

5

6

                                                               2005

3

29

39 

 
 
 
 
 
 
 
 
 
 
 
                     
  
  
 
  
 
2004

    2004

      1

2004

3

23

; 

(1) 2003

(2) 2003

(3) 2003

2003

(4)

(5)

(6)

(7)

(8)

(9)

2

; 

; 

; 

; 

; 

; 

; 

2004

4

21

2004

      3

2004

7

13

(1)

(2)

(3)

(4)

(5)

(6)

(7)

2004

40 

 
 
 
 
 
 
  
 
  
 
 
 
 
 
 
 
 
  
 
4

5

2004

2004

8

18

2004

10

21

2004

2004

      6

2004

11

25

(1)

(2)

(3)

(4)

2004

2004

2004

2004

2001

4

42,344.79

7

41 

 
  
 
 
 
 
 
  
 
  
 
 
  
 
 
  
 
 
  
2004

51

42 

 
 
 
  
 
 
      
  
 
2004

      2004

12

30

20,400

20,398

20,400

2004

11

26

51

2.04

2004

11

2004

1

2

602.82

383.97

(

) 

0.07

(

) 

0.04

43 

 
 
 
 
 
      
  
 
 
 
 
 
 
  
 
  
  
  
 
 
  
  
 
 
  
  
  
  
  
  
  
 
  
2004

3

4

51

:

20,400

20,400

20,398

2004

11

26

:

:

211,380,597.89

407,500,000.00

0

0

0

-968.022.78

0

0

0

206,081,910.00 

340,208,199.82 

0

0

0 

-968.022.78

/  

618,880,597.89

-968.022.78

/  

546,290,109.82 

-968.022.78

618,880,597.89

-968.022.78

968

022.78

44 

 
  
 
 
      
  
 
 
  
 
  
  
  
  
  
  
 
  
  
  
  
  
  
  
  
  
  
 
  
 
      
  
      
  
      
  
2004

1

2

3

4

5

6

5%

5%

30

11

45 

2003

 
 
 
 
 
      
  
 
 
      
  
 
 
      
  
 
  
      
  
 
 
      
  
 
 
      
  
 
 
      
  
 
 
      
  
      
      
2004

13

/

2004

46 

 
  
 
 
      
  
 
 
      
  
 
2004

2005

0261

2004

2004

2004

12

31

12

31

2004

2004

•

47 

 
 
  
  
 
 
 
 
 
         
  
 
                                                     
  
  
 
                      
 
2004

1988

1994

5

(1994)277

7,766.28

2001

[2001]7

2001

2

5

8.12

/

5500

,

(2001)26

2001

3

6

13,266.28

3201001010095

2003

6

2002

2002

10

5

66,331,400

,

2003

25,869.246

19,899.42

.2004

6

5,969.826

1

2

1

1

12

31

48 

 
 
 
 
 
 
 
 
 
 
 
 
 
 
 
 
3

4

5

6

7

2004

(

)

49 

 
 
 
 
 
 
 
 
 
 
 
 
 
 
 
 
2004

3.00% 

10.00% 

20.00% 

50.00% 

80.00% 

100.00% 

1

1

2

3

4

5

2

3

4

5

8

9

(1)

20%

20%

20%

20%

50 

 
   
 
 
 
 
 
 
 
 
 
 
 
 
 
 
2004

10

;

(2)

(3)

10

2,000

51 

 
 
 
 
 
 
 
2004

5% 

3% 

3% 

3% 

20

5

5

10

4.75% 

19.40% 

19.40% 

9.7% 

11

12

13

10

52 

 
 
 
 
 
 
 
 
 
 
 
 
 
 
 
 
 
 
 
 
 
 
 
 
2004

1995

11

1996

2

14

15

16

17

(1)

a

b

c

d

(2)

50%

50%

53 

 
 
 
 
 
 
 
 
 
 
 
 
 
 
 
 
2004

50%

18

(1) 

(2) 

10%

(3) 

5%

10%

(4) 

(5) 

2004

12

31

28

328

 8162

37.20% 

 1000

60.00% 

 5200

96.15% 

 4800

76.71% 

1601

28

28

 480

 400

 100

 100

88

65.00% 

90.00% 

90.00% 

90.00% 

54 

 
 
 
 
 
 
 
 
 
 
 
 
 
 
 
 
 
  
 
 
 
 
 
 
 
  
 
 
 
 
 
  
 
 
 
 
  
 
  
 
 
 
  
 
  
 
 
 
  
 
  
 
 
 
  
 
  
 
 
 
  
 
 
 
 
 
2004

 100

90.00% 

 500

51.00% 

40

17

 4000

95.00% 

MC101  

 400

55.00% 

 320

62.50% 

119

 100

 35

70.00% 

100.00% 

 300

80.00% 

8

 100

60.00% 

98

 100

60.00% 

955

 50

80.00% 

19

 500

40.00% 

 100

35.00% 

 100

55.00% 

83

28

55 

 
 
  
 
  
 
 
 
  
 
 
 
 
 
 
  
 
  
 
 
 
  
 
 
 
 
  
 
  
 
 
 
 
  
 
  
 
 
 
  
 
  
 
 
 
 
 
 
 
 
  
 
 
 
 
 
 
 
  
 
  
 
 
 
 
  
 
 
 
 
 
 
  
 
  
 
 
 
  
 
  
 
 
 
 
  
 
  
 
 
 
 
  
 
  
 
 
 
 
2004

 300

10.00% 

2209

88

MC101  

 200

30.00% 

 1000

92.50% 

1500

95% 

8

80

200

2026

138

88

40000

95% 

95% 

85.5% 

51% 

1-10

90

2004

10

64.60%

37.20%

2001

9

19

60%

1996 2

2004

12

31

6,969,570.18  

7,863,809.53  

-334,752.91  

56 

 
 
 
 
 
 
 
 
 
  
 
 
 
 
  
 
  
 
 
 
  
 
 
 
 
 
 
 
 
 
 
 
 
 
 
 
 
 
 
 
 
 
 
 
 
 
 
 
  
  
  
2004

4,038,326.60  

-  

3,763,334.20  

16,958,014.54  

2,211,171.86  

7,028,057.89  

-  

7,187.88  

6,792.15  

23,603,771.80  

91,906,602.63  

475,961.80  

60,423,661.82  

39,453,001.70  

1,032,434.67  

15,508,350.22  

21,543,498.21  

627,772.90  

7,494,758.53  

16,938,803.96  

-28,447.73  

50,249,496.12  

16,245,120.45  

2,303.31  

4,111,806.39  

7,500,346.71  

840,722.10  

47,036,934.61  

25,279,722.88  

19,871.48  

38,949,231.00  

29,248,832.00  

111,146.06  

4,277,050.26  

2,428,747.20  

-329,272.47  

1,922,277.37  

7,355,636.08  

15,449.94  

15,113,546.00  

-  

-  

4,779,741.13  

1,210,433.21  

-193,747.68  

19,919,792.91  

3,087,150.00  

-  

-  

-357,012.37  

-  

     313,459,971.00  

    290,960,626.99  

             1,896,409.13  

  3,797,853,131.94  

  4,111,313,102.94  

 8,377,369,836.35  

         67,298,796.76  

 8,668,330,463.34  

         69,195,205.89  

7.62% 

3.36% 

2.74% 

57 

 
 
  
  
  
 
  
  
  
 
  
  
  
 
  
  
  
 
  
  
  
 
  
  
  
 
  
  
  
 
  
  
  
 
  
  
  
 
  
  
  
 
  
  
  
 
  
  
  
 
  
  
  
 
  
  
  
 
  
  
  
 
  
  
  
 
  
  
  
 
 
 
 
 
 
33%

2004

17%

5%

3%

7%

1%

1

2

3

1

2004.12.31 

2003.12.31 

188,954.67

1,595,519,187.33

136,839.97

1,273,713,715.90

:

37,587,109.74 

8.2765

311,089,713.76

22,676,306.60

8.2767 

187,684,991.80

649,981.34 

11.2627

7,320,544.84

-

- 

-

598,353.19 

6.4428

3,855,069.93

3,114,527.88

6.2013 

19,314,121.74

3,471,317.64

10.3383 

35,887,523.16

      39,876.72 

1,595,748,018.72 

64,220,509.14

1,338,071,065.01

19.26%

58 

 
 
 
 
 
 
 
 
 
 
 
 
    
 
 
 
    
 
 
 
 
 
 
 
 
 
 
 
 
 
 
 
 
    
 
 
 
 
2

3

4
(1)

1

1

2

3

4

5

2

3

4

5

2004

2004.12.31 

2003.12.31 

1,396,934.97 

783,227.30

613,707.67 

2,921,877.19

1,109,177.19 

1,812,700.00

26,000,000.00 

1,128,295.95

24,871,704.05

11,513,706.71

11,513,706.71

800,036.00 

800,036.00 

28,196,970.97  

1,911,523.25 

 26,285,447.72 14,435,583.90

1,109,177.19 

13,326,406.71

2004

12

31

2003

12

31

34,466,424.25

34,466,424.25

24,334,841.31

24,334,841.31

2003

12

31

41.63%

2004.12.31 

2003.12.31 

723,690,977.15  

89.90%

20,691,066.59 

593,914,311.54

83.52% 

16,665,430.36

5,184,606.31  

0.64%

466,099.86 

17,993,733.23

2.53% 

1,798,659.12

27,191,952.62  

3.38%

5,389,586.53 

67,367,368.51

9.47% 

13,473,473.70

33,452,932.84  

4.16%

16,011,535.79 

16,967,795.79

2.39% 

8,483,897.90

8,670,446.95  

1.08%

6,936,357.56 

7,602,072.29

1.07% 

6,081,657.83

6,776,236.39  

0.84%

6,776,236.39 

7,247,137.47

1.02% 

7,247,137.47

804,967,152.26  100.00%

56,270,882.72 

711,092,418.83

100.00% 

53,750,256.38

59 

 
 
 
 
 
 
 
 
 
 
 
 
 
 
 
 
 
 
  
 
 
 
 
  
 
 
  
 
 
  
 
 
  
 
 
  
 
 
  
 
  
 
  
 
 
2004

2004.12.31 

2003.12.31 

72,359,752.68 

8.2765 

598,885,493.06

63,351,343.71

8.2767 

524,340,066.48

84,878.40 

6.4428 

546,854.56

874,311.70

6.2013 

5,421,869.15

1,326,977.41 

11.2627 

14,945,348.48

1,290,281.89

10,3383 

13,339,321.26

1355,272.97 

1.0637 

1,441,603.86

2,275,922.24

1.0657 

2,425,450.33

615,819,299.96

545,526,707.22

5%

(
5%)
160,295,554.23

,

21.40% 

2004.12.31 

2003.12.31 

99,223,697.37  

73.45%

1,485,424.62 

61,974,522.04

70.69% 

834,762.89

16,879,240.73  

12.49%

1,687,724.07 

15,000,222.23

17.11% 

1,500,017.22

12,491,862.09  

9.25%

2,454,660.56 

8,809,677.51

10.45% 

1,761,935.50

4,670,158.51 

3.46%

2,329,914.26 

663,516.25

0.76% 

331,758.13

   613,516.25  

0.45%

  490,813.00 

664,064.02

0.76% 

531,251.22

1,218,454.55 

0.90%

1,218,454.55 

554,390.53

0.63% 

554,390.53

135,096,929.50  

100.00% 9,666,991.06

87,666,392.58

100.00% 

5,514,115.49

5%

(

5%)

(1)
(2)

5
(1)

1

1

2

3

4

5

2

3

4

5

(2)
(3)

21,542,700.90

12,659,195.68

9,445,695.56

6,000,000.00

60 

 
 
  
 
 
 
 
 
 
 
 
 
 
 
 
 
  
 
 
 
 
 
 
 
  
 
 
 
 
 
 
 
 
 
 
 
 
 
2004

4,268,243.20

53,915,835.34

04

3

23

53,915,835.84

,

39.90% 

2004.12.31 

2003.12.31 

 382,960,694.29 

90.77% 

414,998,410.35 

 31,958,604.76 

  4,193,754.88 

    2,724,269.84 

      46,647.77 

- 

7.58% 

0.99% 

0.65% 

0.01% 

0.00% 

7,852,134.31 

11,352,660.11 

95.53%

1.81%

2.61%

236,557.67 

            0.05%

  421,883,971.54 

100.00% 

434,439,762.44 

100.00% 

2004

12

31

2003

12

31

2.89% 

5%

(

5%)

(4)

6
(1)

1

1

2

3

4

5

2

3

4

5

(2)
(3)

7

2004.12.31 

130,279,998.20 

2003.12.31 

977,092,842.65 

2004

12

31

2003

12

31

86.67%

61 

 
 
 
 
 
 
 
 
   
 
 
 
 
 
 
 
 
 
 
 
 
 
 
 
   
 
 
 
 
 
 
 
2004

8
(1)

2004.12.31 

2003.12.31 

111,287,261.46 

2,734,027.92

108,553,233.54

92,786,614.65

3,045,147.13 

89,741,467.52

11,143,066.21 

119,094.23

11,023,971.98

6,786,977.59

1,427,974.68 

62,796.01

1,365,178.67

1,333,924.97

119,094.23 

62,796.01 

82,274,997.40 

2,935,159.23

79,339,838.17

21,350,150.56

6,667,883.36

1,271,128.96

21,350,150.56

51,668,253.83 

5,450,339.57

46,217,914.26

13,672,493.59

7,401,223.86 

6,271,269.73

61,526,034.46 

4,605,637.36

56,920,397.10

37,903,027.79

4,270,500.33 

33,632,527.46

875,291.81 

82,996.44 

1,888,062.94 

175,058.96

700,232.85

82,996.44

875,291.81

84,255.56

1,888,062.94

4,152,206.83

175,058.96 

11,308,679.70

275,057,953.57

700,232.85

84,255.56

4,152,206.83

11,308,679.70

275,057,953.57

322,173,939.23 

16,082,113.28

306,091,825.95

465,311,576.62

15,073,820.52 

450,237,756.10

(2)

2004

12

31

2003

12

31

32.01%,

9

2004.12.31

2003.12.31

129,795.03

129,795.03

4,411,759.70

434,608.94

4,846,368.64

2004

12

31

2003

12

31

97.32%

2005

2005

10
(1) 

2003.12.31 

2004.12.31 

195,831,252.26 

120,521,720.00

1,250,000.00

315,102,972.26 

62 

 
 
 
    
 
 
 
 
 
 
 
 
 
 
 
 
 
 
 
 
 
 
 
 
 
    
 
 
 
    
 
  
 
 
 
 
    
 
 
    
 
 
 
 
 
  
 
 
 
 
2004

195,831,252.26 

120,521,720.00

1,250,000.00

315,102,972.26 

2004.12.31 

2003.12.31 

4,035,280.60 
308,213,570.83 

1,492,824.55 
2,854,120.83 
315,102,972.26 

4,035,280.60
308,213,570.83

3,952,000.00
191,207,051.46

1,492,824.55
2,854,120.83
315,102,972.26

1,814,901.34
672,200.80
195,831,252.26

3,952,000.00
 191,207,051.46

1,814,901.34
672,200.80
 195,831,252.26

-

-

39.3273
 15
 13
 153.9481

0.00289170%
   503,280.60 
0.06515841%    298,000.00 
0.00258052%    234,000.00 
 0.00771871%
  3,000,000.00 
4,035,280.60 

    1,066,500.00 
   716,300.00 
6,234,898.05 
8,017,698.05 

(2)

(2-1)

(

) 

(2-2)
A 

37 20% 

2001.12-2031.12 

8,500,000.00

43,730,670.01

21,944,691.41 

40,699,612.41  53,985,591.01

84,430,282.42

65.00% 

2002.11-2012.11 

2,470,000.00

2,470,000.00

650,000.00

-217,624.49 

-217,624.49

2,902,375.51

90.00% 

1998.6-2018.6 

3,600,000.00

3,600,000.00

3,600,000.00

90.00% 

2000.7-2010.7 

900,000.00

565,299.24

6,469.10 

-328,231.66

571,768.34

63 

 
 
 
 
  
 
 
 
 
 
 
 
 
 
 
 
 
 
 
 
 
 
  
 
 
 
 
 
 
 
 
 
 
 
 
 
 
  
 
 
  
 
 
 
 
 
               
 
 
 
 
 
 
 
   
 
 
 
 
 
 
    
 
 
 
 
2004

64 

90.00% 

2000.2-2020.2 

900,000.00

710,292.35

6,112.93 

-183,594.72

716,405.28

51.00% 

2001.6-2010.4 

2,550,000.00

5,383,937.79

2,550,000.00

-10,771.89 

286,644.52

5,386,644.52

95.00% 

2001.8-2007.11 

3,212,355.72

38,200,502.03

34,787,644.28

517,433.86 

717,935.89

38,717,935.89

55.00% 

2001.10-2005.12 

1,100,000.00

2,230,660.25

1,100,000.00

345,275.09 

375,935.34

2,575,935.34

62.50% 

2001.4-2011.4 

1,000,000.00

2,069,017.06

1,000,000.00

-17,779.84 

51,237.22

2,051,237.22

70.00% 

2002.4-2012.4 

5,784,940.00

5,784,997.94

1,612.32 

1,670.26

5,786,610.26

100.00% 

2,891,000.00

3,285,873.06

840,722.10 

1,235,595.16

4,126,595.16

80.00% 

2003.2-2007.2 

2,400,000.00

3,035,521.85

-983,061.54 

-347,539.69

2,052,460.31

100.00% 2004.1-2023.10 

15,000,000.00

15,000,000.00

95.00% 

2004.5-2024.5 

1,900,000.00

-184,060.30 

-184,060.30

1,715,939.70

95.00% 

2004.6-2054.6 

19,247,000.00

-339,161.75 

-339,161.75

18,907,838.25

62.77% 

2004.8-2012.8 

1,180,000.00

1,180,000.00

60% 

2001.11-2011.11 

600,000.00

601,880.44

68,487.63 

70,368.07

670,368.07

60% 

2003.4-2013.5 

600,000.00

329,960.87

-197,563.48 

-467,602.61

132,397.39

60% 

2003.7-2013.7 

400,000.00

71,320.23

-100,000.00

91,439.91 

-237,239.86

62,760.14

74,235,295.72

112,069,933.12

61,945,814.31

40,627,142.06 

54,406,443.77

190,587,553.80

 
 
 
 
   
 
 
 
 
 
 
 
 
 
 
 
 
 
 
 
 
 
 
 
 
 
 
 
 
 
2004

B

(

) 

40% 

2002.12-2012.12 

2,000,000.00

164,074.20

285,685.26 

2,285,685.26 

40% 

2002.11-2012.11 

2,000,000.00

188,440.64

355,680.48 

2,355,680.48 

35% 

2003.5-2023.5 

750,000.00

-400,000.00

-157,555.37

-259,514.98 

90,485.02 

40% 

2,000,000.00

2,000,000.00

1,751,159.53

1,751,159.53 

3,751,159.53 

6,750,000.00

1,600,000.00

1,946,119.00

2,133,010.29 

8,483,010.29 

C

D

-

-

47,909.97

1,489,658.12

1,521,640.25

1,537,568.09

2,587,199.80

171,275.51
2,758,475.31

10

10

10

 67
120

38,327.97

4,791.00 

33,536.97 84

475,442.98 1,002,024.29 73,813.98 1,403,653.29 116

1,521,640.25 104,709.68 1,416,930.57 116

-

-

513,770.95 2,523,664.54 183,314.66 2,854,120.83

1,814,901.34 

463,379.08 1,351,522.26 35

158,429.85
1,973,331.19

17,127.56 141,302.29 99
480,506.64 1,492,824.55

65 

 
 
 
 
 
 
 
 
 
 
 
 
 
 
 
 
 
 
 
 
 
 
 
 
 
 
 
 
 
 
 
 
 
 
 
 
 
 
 
 
 
 
 
 
 
 
 
 
  
 
 
 
 
 
 
 
 
 
 
E

F

11
(1)

2004

15% 

6,730,000.00

10% 

1992.9-2007.9 

1,718,618.00

6,730,000.00

1,718,618.00

10% 

2003.6-2023.6 

300,000.00

300,000.00

70% 

10% 

1998.7-2013.7 

669,000.00

2002.3-2027.4 

4,000,000.00

10% 

2001.11-2020.11 

4,000,000.00

669,000.00

4,000,000.00

4,000,000.00

1.44% 

2001.7-2051.7 

750,000.00

750,000.00 

11,137,618.00

7,030,000.00

750,000.00 

  17,417,618.00

      91,725,388.74 

- 

,

,

2%

9,500.00

28,332,133.45  

 503,264,792.64 

  13,592,694.00 

    518,004,232.09 

8,940,516.65  

3,566,598.60 

    2,641,341.46 

      9,865,773.79 
      32,279,339.94 

66 

 
 
 
 
 
 
 
 
 
 
 
 
 
 
 
 
 
 
 
 
 
 
 
 
 
 
 
  
 
 
 
 
 
 
 
 
 
 
 
 
 
 
 
 
 
 
 
 
  
 
  
 
 
  
 
2004

31,408,203.68  

894,136.26 

23,000.00 

23,222,506.26  

3,451,974.68 

    2,312,807.00 

     24,361,673.94 

91,903,360.04  

 511,177,502.18 

  18,569,842.46 

584,511,019.76 

(2)

3,542,670.50  

1,604,744.45 

183,123.79 

       4,964,291.16 

4,151,486.28  

1,799,136.65 

349,949.72 

       5,600,673.21 

7,105,262.27  

2,798,575.86 

8,332.23 

       9,895,505.90 

10,661,830.47  

3,531,087.08 

349,423.39 

     13,843,494.16 

25,461,249.52  

9,733,544.04 

890,829.13 

34,303,964.43 

 (3)

         66,442,110.52                                                 

550,207,055.33 

12

1

8,267.60

0.9 

7,577.50 

40

1

5

0.5 

1,000.00 

100,000.00

8,172.00

8,456.80

8,267.60 

7,577.50 

100,000.00 

8,172.00 

8,456.80 

1,000.00 

843.38 

293,849.50

294,692.88

-

- 

500

5,000,000.00

9,420.88 

5,418,745.90

294,692.88

5,000,000.00 

5,133,473.90 

83%

84%

25%

82%

17%

20%

100%

100%

67 

 
 
  
 
 
  
 
 
 
 
 
 
 
 
  
 
 
 
  
 
 
 
  
 
 
 
  
 
 
 
  
 
 
 
 
 
 
 
 
 
 
 
 
 
 
 
 
 
 
 
 
 
 
 
 
 
 
 
 
 
 
 
 
13

14

15

2004

10

10

10,000,000.00 

13,920.00 

57,584,000.00 

8,191,916.74

1,002,999.96 

2,811,083.22 

7,188,916.78

13,920.00

57,584,000.00

464.00 

464.00 

13,456.00

57,584,000.00

  104,880.00 

10

97,890.72

-

97,890.72

8,289,807.46

57,597,920.00

97,890.72

1,003,463.96 

2,811,547.22 

64,786,372.78

5

5

5

5

5

335,038.64 

101,385.73 

81,637.60 

516,682.20 

1,584,252.00 

2,618,996.17 

24,508.33

35,355.43

38,097.55

232,507.00

783,149.13

24,508.33

11,925.42

23,430.01 

17,688.15

20,409.40 

103,336.44

129,170.56 

316,850.40

466,298.73 

15

15

18

1,113,617.44

474,308.74

639,308.70 

2004.12.31 

2003.12.31 

814,008,090.49

1,273,406,647.90

29,002,350.09 

8.2765

240,037,950.52

44,752,941.59

8.2767 

370,406,647.90

174,926.00 

11.2627

1,970,139.97

607,000,000.00

638,800,000.00

23,000,000.00

68 

 
 
 
 
 
 
 
 
 
 
 
 
 
 
 
 
 
 
 
 
 
 
 
 
 
 
 
 
 
 
 
 
 
 
 
 
 
 
 
 
 
 
 
 
 
 
 
 
 
 
 
 
 
 
 
 
 
 
 
 
      
 
 
 
 
 
 
 
 
 
 
 
2004

2004.12.31 

2003.12.31 

16

1,421,008,090.49

1,935,206,647.90

2004.12.31 

627,513,115.76 

2003.12.31 

429,677,906.10 

2004

12

31

2003

12

31

46.04%

17
(1)

1

1

2

3

2

3

2004.12.31 

2003.12.31 

 661,483,159.06 

 20,286,633.26 

10,596,588.11 

 6,793,092.77 

94.61% 

2.90% 

 1.52% 

 0.97% 

351,088,725.66 

114,536,720.25 

4,889,216.81 

7,623,706.15 

73.43% 

23.95% 

 1.02% 

 1.60% 

699,159,473.20 

100.00% 

478,138,368.87 

100.00% 

2004.12.31 

2003.12.31 

5,553,110.20  

8.2765 

  45,960,316.57 

3,820,393.98

8.2767 

31,620,254.85

111,975.94  

11.2627 

   1,261,151.42 

54,794.83

10.3383 

566,485.40

69 

 
 
 
 
 
 
 
 
 
 
 
    
 
 
 
 
 
   
 
 
 
 
 
 
 
 
 
   
 
 
  
 
 
 
    
 
  
2004

2004.12.31 

2003.12.31 

1,325.00

1.0657 

1,412.05

47,221,467.99

32,188,152.30

 (2)2004

12

31

2003

12

31

46.22%,

5%(

5%)

(3)

18
(1)

2004.12.31 

2003.12.31 

1

1

2

3

2

3

300,022,646.90 

  7,430,075.85 

   4,082,054.55 

     69,850.60 

96.28% 

 2.38% 

 1.31% 

 0.02% 

442,968,400.31 

4,709,022.19 

98.95% 

 1.05% 

311,604,627.90 

100.00% 

447,677,422.50 

100.00% 

2004.12.31 

2003.12.31 

36,686,438.96 

8.2765 

303,635,312.05

26,407,388.97

8.2767 

218,566,036.29

214,182.76 

1.0637 

227,826.20

604380.12

1.0657 

644,087.89

224,100.00 

0.079701 

17,860.99

   2,601,816.00

0.077263 

201,024.11

296,137.28 

11.2627 

3,335,305.34

   285,662.88

10.3383 

2,953,268.55

54,793.79 

6.4428 

353,025.43

     43,135.00

6.2013 

267,493.08

51,300.00

14.71185 

754,717.91

5,500.00 

1.51675 

8,342.13

307,577,672.14

223,386,627.83

(2)2004

12

31

2003

12

31

30.39%,

70 

 
  
 
 
 
 
 
  
 
 
 
 
 
 
 
 
   
 
 
 
 
 
 
 
 
 
 
 
 
 
   
 
 
  
 
 
 
 
 
 
 
 
 
 
 
 
  
 
 
 
 
2004

,

. 

5%(

5%)

2004.12.31 
13,512,258.07 

2003.12.31 
8,107,164.00 

(3)

19

20

17% 

33% 

5% 

33% 

2004.12.31

2003.12.31

     -4,825,482.41

-2,831,093.28

    19,453,186.92

18,502,529.11

179,552.27 

-13,701,610.83

7% 

         470,678.28 

   491,043.72

          557,482.32 

-536,836.16

18,502,529.11

-144,178.55

482,896.08

16,326,461.10

1,771,706.37

2004

12

31

2003

12

31

816.07%,

21

22

(1)

2004.12.31

229,370.73

2003.12.31 

-346,351.80 

2004.12.31 

2003.12.31 

1

1

2

 44,725,019.24 

 93.05% 

113,506,605.92 

   154,197.75 

 0.32% 

17,632,725.05 

84.48% 

13.12% 

71 

 
 
 
 
      
 
 
  
  
 
  
  
 
  
  
 
  
  
 
  
  
 
 
 
 
 
      
 
 
 
 
      
      
 
 
  
 
 
   
 
 
 
 
 
 
 
2004

2004.12.31 

2003.12.31 

2

3

3

    162,340.18 

  0.34% 

  3,021,929.21 

  6.29% 

968,022.78 

2,253,906.43 

 0.72% 

 1.68% 

48,063,486.38 

100.00% 

134,361,260.18 

100.00% 

(2)2004

12

31

2003

12

31

64.23%,

 (3)

 (4)

(5)

23

968,022,78

3

3,021,929.21

968,022,78

3-4

964,500.00

5

3,350,702.58

4,061,153.00

1

1

2004.12.31
 1,967,339.52 

         840,000.00 

2003.12.31 
2,173,287.80 

840,000.00 

293,600.00 

         315,546.17 

3,122,885.69 

3,306,887.80 

72 

 
   
 
 
 
 
 
 
 
   
 
 
 
 
 
 
 
 
 
 
 
 
 
 
 
 
 
 
 
 
 
 
 
 
 
 
 
 
 
 
    
 
 
 
 
 
 
 
 
 
 
 
 
 
 
    
 
 
 
24

25

2004

2004.12.31 

2003.12.31 

2,000,000.00 

2004.12.31 

2003.12.31 

825,551.47

3,683,936.28 

3,689,500.00

150,679,731.66

8,780,000.00 

155,194,783.13

12,463,936,28 

2004

12

31

2003

12

31

1145.15%

26

(

:

) 

1

2

3

4

1

2

93,544,200 

93,544,200 

20,037,600 

2,912,400 

28,063,260

28,063,260

121,607,460 

47.01%

121,607,460 

47.01%

6,011,280

26,048,880 

10.07%

-2,912,400

116,494,200 

34,074,540 -2,912,400

147,656,340 

58.54%

82,500,000 

25,623,720 2,912,400

111,036,120 

42.92%

73 

 
 
    
 
 
 
 
  
 
 
 
 
 
 
 
  
 
 
 
 
 
 
 
 
 
 
 
 
 
 
 
 
 
 
 
    
 
 
    
 
 
     
 
 
 
 
 
 
 
 
 
 
 
 
 
 
 
 
 
 
 
3

4

27

28

29

2004

82,500,000 

198,994,200 

25,623,720 2,912,400

111,036,120 

42.92%

59,698,260

258,692,460 100.00%

2004

2

2,912,400

2004

6

59,698,260

,

2003

258,692,460

(2004) 

038

. 

2003.12.31

342,719,541.63

2004.12.31

59,698,260.00 

283,021,281.63

26,638.60

10,294,858.36

358,088.45

306,710.20

10,321,496.96

664,798.65

343,104,268.68

10,601,568.56

59,698,260.00 

294,007,577.24

2003.12.31 
35,699,291.25 
24,229,013.56 
29,277,087.94 
89,205,392.75 

7,126,751.71 1,129,677.55 
16,350.15
7,093,756.14
14,236,858.00

2004.12.31 
41,696,365.41
 24,245,363.71
564,838.77 35,806,005.31
1,694,516.32 101,747,734.43

2004.12.31

99,798,505.84

67,192,512.60

74 

2003.12.31

82,867,652.17

67,177,475.06

 
 
 
 
 
 
 
 
 
 
 
 
 
 
 
        
 
 
 
 
 
 
 
 
 
 
 
  
 
 
 
  
 
 
 
 
 
 
  
 
 
 
    
 
 
 
: (1)

    (2)

30

31

(1)

2004

7,126,751.71

7,093,756.14

16,350.15

12,934,623.00

139,819,537.44

8,029,646.18

7,429,221.53

9,949,710.00

26,532,560.00

98,103,989.52

12,934,623.00
0.5

10

2005

3

29

2004.12.31 
-5,945,911.69 

2003.12.31 
-4,190,027.41 

:

2004

2003

192,187.52

208,789.67

81,506.67

187,408.73

190,834.95

74,280.36

124,139.11

121,334.24

67,485.01

15,310.67

64,367.67

14,193.81

220,998.47 

212,368.74

181,860.88 

164,590.11

56,341.26 

80,048.82 

61,205.85 

22,916.38 

48,899.61

79,908.88

57,750.08

20,860.50

75 

 
 
 
 
 
 
 
 
 
 
 
 
                         
 
 
 
 
  
 
 
 
 
 
 
 
2004

85,290.57

8,624.83

82,794.81

17,311.86

244.74

89,568.54

9,226.87

83,953.96

27,413.25

311.99

52,444.16 

16,514.74 

50,271.89

17,198.10

10,629.29 

348.41 

6,747.56

274.40

899,893.26

846,686.57

703,308.26 

658,869.87

(2)

2004

2003

143,985.79

124,850.96

134,578.86

116,694.15

76,970.13

23,935.59

41,790.65

25,286.60

20,938.30

10,107.52

8,245.93

76,953.13

71,941.49

22,371.82

39,060.37

23,634.57

19,570.35

9,447.17

7,707.20

71,925.60

114,170.08 

104,312.83

97,408.33 

62,854.40 

27,800.05 

41,188.86 

18,549.59 

45,611.35 

11,538.73 

8,520.16 

76,145.84 

90,075.14

58,124.90

25,708.22

38,089.59

17,153.82

43,050.33

10,670.49

7,879.05

70,416.22

346,828.66

  329,754.99

199,520.87 

193,389.28

899,893.26

846,686.57

703,308.26 

658,869.87

81,935.47

,

76 

(2) 

9.10% 

 
 
 
 
 
 
 
 
 
 
 
 
 
  
 
 
 
 
 
 
 
 
 
 
 
 
 
 
 
 
32

2004

2003

151.94%

33

2004

2003

87.59%

34

:

:

2004

2004

14,608,354.43

1,203,004.92

808,833.35

687,241.52

17,307,434.22

2004

   17,525,189.24 

263,509.79

17,788,699.03

2004

    74,968,749.38 

    18,553,537.33 

     4,823,807.17 

17,650,387.25 

69,241,792.13 

77 

2003

5,996,243.66

522,438.44

53,146.45

297,855.20

6,869,683.75

2003

-

2,302,412.19

175,901.48

6,896,947.30

107,654.82

9,482,915.79

2003

68,235,777.79

42,381,705.95

16,652,531.31

13,391,037.89

22,592,578.42

 
 
          
 
    
    
 
 
 
 
 
 
 
 
          
 
 
 
 
    
 
 
 
 
 
 
    
 
 
 
       
 
 
 
 
 
 
 
       
 
       
 
2004

2003

206.48%,

2004

2004

      7,323,361.16 

         -700,111.62 

      1,924,157.51 
-802,346.06

7,745,060.99

2003

2,096,971.64

-454,599.01

1,994,333.88

261,000.00

-41,372.79

3,856,333.72

: 2004

2003

100.84%

37

36

2004

1,273,987.84 

2003

142,983.53 

2004

2003

791%

37

2003

80,539.60

392,099.67

258,157.70

730,796.97

2004

861,542.91

832.75

180,617.50

1,042,993.16

78 

 
 
 
    
 
 
 
 
 
 
     
 
 
 
 
 
 
 
    
 
 
 
 
    
 
 
38

39

40

2004

2004

700,000.00

119,533.00
4,167.77
686,113.80

30,198.24

1,540,012.81

2004

48,777,367.21 

2003

43,614,752.12 

409,386,467.96

,

: 

2003

996,684.13

158,567.22

497,096.45

21,204.14

1,673,551.94

172,880,917.68

85,309,551.28

95,948,810.79

35,251,436.85

19,454,719.32

541,032.04

409,386,467.96

79 

 
 
    
 
 
 
 
 
 
 
 
 
    
 
 
 
 
 
     
 
    
 
 
 
 
 
 
    
 
 
 
 
2004

1
(1)

1

1

2

3

4

5

2

3

4

5

2004.12.31 

2003.12.31 

 693,853,591.17  

90.07% 20,629,947.28 

554,451,671.35

82.79% 

16,615,640.63

   4,574,136.03  

0.59%

   457,413.60 

16,109,336.44

2.41% 

1,610,933.65

  24,392,297.78  

3.17%

 4,878,459.56 

67,367,368.51

10.06% 

13,473,473.70

  32,008,628.53  

4.16%

16,004,314.27 

16,967,795.79

2.52% 

8,483,897.90

   8,670,446.95  

1.13%

 6,936,357.56 

7,602,072.29

1.14% 

6,081,657.83

   6,776,236.39  

0.88%

6,776,236.39 

7,247,137.47

1.08% 

7,247,137.47

 770,275,336.85  100.00%

55,682,728.66 

669,745,381.85

100.00% 

 53,512,741.18

2004.12.31 

2003.12.31 

72,359,752.68 

8.2765

598,885,493.06

63,351,343.71

8.2767 

524,340,066.48

84,878.40 

6.4428

546,854.56

874,311.70

6.2013 

5,421,869.15

1,326,977.41 

11.2627

14,945,348.48

1,290,281.89

10.3383 

13,339,321.26

1,355,272.97 

1.0637

1,441,603.86

2,275,922.24

1.0657 

2,425,450.33

615,819,299.96

545,526,707.22

(2)
(3) 

5%

(
5%)
160,295,554.23

,

22.43% 

80 

 
 
 
 
  
 
 
 
 
 
 
 
 
 
  
 
 
 
  
 
 
 
 
 
 
  
 
 
 
 
 
 
 
2
(1)

1

1

2

3

4

5

2

3

4

5

(2)
(3)

(4)

3
(1)

2004

2004.12.31 

2003.12.31 

82,427,390.43  

70.45% 1,886,938.39 

43,773,108.81

64.22% 

1,308,709.62

16,877,240.73  

14.42% 1,687,724.07 

13,698,324.14

20.10% 

1,369,832.41

11,203,926.69  

9.58%

2,240,785.34 

8,809,677.51

12.92% 

1,761,935.50

4,659,778.51  

3.98%

2,329,889.26 

663,516.25

0.97% 

331,758.13

    613,516.25  

0.52%

  490,813.00 

664,064.02

0.97% 

531,251.22

1,218,454.55  

1.04%

1,218,454.55 

554,390.53

0.82% 

554,390.53

117,000,307.16  

100.00% 9,854,604.61 

68,163,081.26

100.00% 

5,857,877.41

5%

(

5%)

21,542,700.90

12,659,195.68

9,445,695.56

6,000,000.00

4,268,243.20

53,915,835.34

53,915,835.84

,

50.32% 

2003.12.31 

2004.12.31 

263,448,404.98 

319,045,912.81 

582,494,317.79 

263,448,404.98 

319,045,912.81 

582,494,317.79 

81 

 
 
 
  
 
 
 
 
 
 
 
  
 
 
 
 
 
 
 
 
 
 
 
 
 
 
 
 
 
 
 
  
 
 
 
 
 
 
 
 
 
 
  
 
 
2004

 (2)

2004.12.31 

2003.12.31 

4,035,280.60 

4,035,280.60

3,952,000.00

3,952,000.00

578,459,037.19 

578,459,037.19

259,496,404.98

259,496,404.98

1,492,824.55 

1,492,824.55

1,973,331.19

1,973,331.19

582,494,317.79  

582,494,317.79 

263,448,404.98

263,448,404.98

(3)

-

(

) 

 (4) 
A

-

39.3273
 15
 13
 153.9481

-    

0.00289170%
0.06515841%
0.00258052%
0.00771871%

 503,280.60 
 298,000.00 
 234,000.00 
3,000,000.00 

   1,066,500.00 
   716,300.00 
6,234,898.05 

4,035,280.60 

 8,017,698.05 

51.00% 

60.00% 

96.15% 

53.79% 

37.20% 

204,000,000.00 

204,000,000.00 

2001.9-2031.9 

900,000.00 

-900,000.00  

2001.7-2051.7 

50,000,000.00 

50,696,775.76 

1,904,036.26  

2,600,812.02  

52,600,812.02 

27,767,546.49

303,278.00  

303,278.00  

28,070,824.49 

2001.12- 

2031.12 

8,500,000.00

43,730,670.01

21,944,691.41 

40,699,612.41  

53,985,591.01  

84,430,282.42

65.00% 

2002.11-2012.11 

2,470,000.00

2,470,000.00

650,000.00

-217,624.49 

-217,624.49 

2,902,375.51

82 

 
 
  
 
 
 
 
 
 
 
 
 
 
 
  
 
  
 
 
 
 
 
 
 
 
 
 
 
 
 
 
 
 
 
 
 
 
 
 
 
 
 
 
 
 
             
 
 
 
 
  
 
 
 
  
 
 
 
 
 
 
 
 
 
 
 
 
 
 
 
  
 
 
 
 
  
  
 
 
 
 
  
  
 
 
 
2004

90.00% 

1998.6-2018.6 

3,600,000.00

3,600,000.00

3,600,000.00

90.00% 

2000.7-2010.7 

900,000.00

565,299.24

6,469.10 

-328,231.66 

571,768.34

90.00% 

2000.2-2020.2 

900,000.00

710,292.35

6,112.93 

-183,594.72 

716,405.28

51.00% 

2001.6-2010.4 

2,550,000.00

5,383,937.79

2,563,478.62

-10,771.89 

273,165.90 

5,386,644.52

95.00% 

2001.8-2007.11 

3,212,355.72

38,200,502.03

34,787,644.28

517,433.86 

717,935.89 

38,717,935.89

55.00% 

2001.10-2005.12 

1,100,000.00

2,230,660.25

1,100,000.00

345,275.09 

375,935.34 

2,575,935.34

62.50% 

2001.4-2011.4 

1,000,000.00

2,069,017.06

1,000,000.00

-17,779.84 

51,237.22 

2,051,237.22

70.00% 

2002.4-2012.4 

5,784,940.00

5,784,997.94

1,612.32 

1,670.26 

5,786,610.26

100.00% 

2,891,000.00

3,285,873.06

840,722.10 

1,235,595.16 

4,126,595.16

80.00% 

2003.2-2007.2 

2,400,000.00

3,035,521.85

-983,061.54 

-347,539.69 

2,052,460.31

95.00% 

2004.1-2023.10 

14,250,000.00

14,250,000.00

95.00% 

2004.5-2024.5 

1,900,000.00

-184,060.30 

-184,060.30 

1,715,939.70

95.00% 

2004.6-2054.6 

19,247,000.00

-339,161.75 

-339,161.75 

18,907,838.25

62.77% 

2004.8-2012.8 

1,180,000.00

1,180,000.00

354,552,842.21

161,763,547.34

62,045,814.31

42,872,092.26 

57,045,008.19 

473,643,664.71

83 

 
 
 
 
  
 
 
 
 
 
 
 
 
 
 
 
 
 
 
 
 
 
 
 
 
 
 
 
 
 
 
 
 
 
 
 
 
 
 
2004

40% 

2002.12-2012.12 

2,000,000.00

164,074.20 

285,685.26 

2,285,685.26 

40% 

2002.11-2012.11 

2,000,000.00

188,440.64 

355,680.48 

2,355,680.48 

4,000,000.00

352,514.84 

641,365.74 

4,641,365.74 

-

2,587,199.80 

171,275.51

2,758,475.31

 67

120

1,814,901.34

463,379.08 1,351,522.26 35

158,429.85

17,127.56 141,302.29 99

1,973,331.19

480,506.64 1,492,824.55

15% 

 6,730,000.00

6,730,000.00

10% 

1992.9-2007.9 

1,718,618.00 

1,718,618.00

1,718,618.00

6,730,000.00 

8,448,618.00

B

C

D

E

91,725,388.74 

- 

,

84 

,

2%

 
 
 
 
 
 
 
 
 
 
 
 
 
 
 
 
 
 
 
 
 
 
 
 
 
 
 
 
 
 
  
 
 
 
 
 
 
 
 
 
 
 
 
 
 
 
 
 
 
 
 
 
 
 
 
  
 
 
 
 
 
 
 
 
 
 
 
4

(2)

2004

9,500.00

:

2004

2003

192,187.52

208,789.67

81,506.67

187,408.73

190,834.95

74,280.36

124,139.11

121,334.24

44,085.90

15,310.67

78,536.61

9,226.87

83,953.96

42,440.20

14,193.81

74,587.95

8,624.83

82,794.81

220,998.47 

212,368.74

181,860.88 

164,590.11

56,341.26 

80,048.82 

43,572.02 

22,916.38 

52,444.17 

16,514.73 

48,899.61

79,908.88

41,051.54

20,860.50

50,271.89

17,198.10

837,736.98

796,499.88

674,696.73 

635,149.37

2004

2003

143,985.79

124,850.96

134,578.86

116,694.15

76,970.13

23,935.59

41,790.65

25,286.60

20,938.30

10,107.52

71,941.49

22,371.82

39,060.37

23,634.57

19,570.35

9,447.17

85 

114,170.08 

105,055.93

97,408.33 

62,854.40 

27,800.05 

41,188.86 

18,549.59 

45,611.35 

11,538.72 

90,075.14

58,124.90

25,708.22

38,089.59

17,153.82

43,050.33

10,670.49

 
 
                         
 
 
 
 
  
 
 
 
 
 
 
 
 
 
 
 
 
 
 
 
 
 
 
  
 
 
 
 
 
 
 
 
 
2004

7,707.20

71,925.60

279,568.30

796,499.88

8,245.93

76,953.13

284,672.38

837,736.98

8,520.16 

76,145.84 

7,879.05

70,416.22

170,909.35 

168,925.68

674,696.73 

635,149.37

81,935.47

,

9.78% 

2004

            36,586,561.64 

              -480,506.64 

36,106,055.00

2003

15,699,341.28

-437,617.16

49,481.50

15,311,205.62

5

2004

2003

135.81%,

1

(

) 

76000

400

100

100

1000

4000

5200

86 

 
 
 
 
 
 
    
 
 
 
 
     
 
 
 
 
 
 
 
 
 
 
 
 
 
 
 
 
 
 
 
 
 
 
 
 
 
 
 
 
 
 
 
 
 
 
 
 
 
 
 
 
 
 
2004

1000

400

320

8162

500

500

100

480

1500

200

2026

138

40000

87 

 
 
 
 
 
 
 
 
 
 
 
 
 
 
 
 
 
 
 
 
 
 
 
 
 
 
 
 
 
 
 
 
 
 
 
 
 
 
 
 
 
 
 
 
 
 
 
 
 
 
 
 
 
 
 
 
 
 
 
 
 
 
 
 
 
 
 
 
 
 
 
2004

100

4000

100

100

100

50

4800

2

(

)

76,000

400

100

1000

4000

  5200

1000

400

320

4700

3462

88 

76,000

400

100

1000

4000

5200

1000

400

320

8162

 
 
 
 
 
 
 
 
 
 
 
 
 
 
 
 
 
 
 
 
 
 
 
 
 
 
 
 
 
 
 
 
 
 
 
 
 
 
 
 
 
 
 
 
 
 
 
 
 
 
 
 
 
 
 
 
 
 
 
 
 
 
 
 
 
 
 
 
 
 
 
 
 
 
 
 
2004

100

1500

200

2026

138

40000

100

500

500

380

100

4000

100

100

100

50

2218

2582

100

500

500

480

1500

200

2026

138

40000

100

4000

100

100

100

50

4800

18,232,539.53 
6,028,164.44 
6,408,327.89 
19,368,040.46 
7,086,306.42 
651,459.15 
12,347,792.62 

89 

4,253,848.38 
3,839,678.94 
4,617,800.05 
13,082,388.56 
5,270,902.26 
592,247.24 
0.00 

3

4

1

 
 
 
 
 
 
 
 
 
 
 
 
 
 
 
 
 
 
 
 
 
 
 
 
 
 
 
 
 
 
 
 
 
 
 
 
 
 
 
 
 
 
 
 
 
 
 
 
 
 
 
 
 
 
 
 
 
 
 
 
 
 
 
 
 
 
 
 
 
 
 
 
2

20 400
51

2004

125

5

2004

12

31

2004

1,854,722.17 
7,357,246.44 
13,824,302.56 
13,563,534.29 
584,909.74 
0.00 
24,680,299.81 
0.00 
0.00 

1,029,212.41 
0.00 
0.00 
21,257,118.11 
897,803.44 
15,841,694.48 
593,178.21 
2,065,181.58 
7,295,302.00 

20

398

  941,660.46

      210,637.64

1,000,000.00 

1,736,481.28 

2,605,866.00 

1,600,000.00  

           21,542,700.90 

1,913,000.00 

100,000.00 

500,000.00 

90 

 
 
 
 
 
 
  
 
   
 
 
 
 
 
 
 
 
 
 
 
 
 
 
 
 
 
 
 
 
 
 
 
 
 
 
 
 
 
 
 
 
 
 
 
 
 
 
 
 
 
2004

1,000,000.00 

6,000,000.00 

556,361.16 

500,000.00 

902,473.63

1,175,950.78

406,085.62 

           22,901,939.02 

2,511,173.81 

4,890,049.37 

2,582,663.64 

2,351,670.09 

397,511.98 

           32,069,848.62 

           35,202,702.46 

968,022.78

964,500.00

2004

67,192,512.60 

4,167.77 

91 

 
 
 
 
 
 
 
 
 
 
 
 
 
 
 
 
 
 
 
 
 
 
 
 
 
 
 
 
 
 
 
 
 
 
 
 
 
 
 
 
 
 
 
 
 
 
 
 
 
  
  
  
 
 
 
 
 
 
 
 
 
2004

676,113.80 

10,000.00 

149,731.24 

840,012.81 

832.75 

1,273,987.84 

858,250.74 

861,542.91 

180,617.50 

2,895,724.93 

6,070,956.67 

5,230,943.86 

871,685.86 

4,359,258.00 

62,833,254.60 

2004

12

31

2004

12

31

92 

 
 
 
 
 
 
 
 
 
 
 
 
 
 
 
 
 
 
 
 
 
 
 
 
 
 
 
 
 
 
 
 
 
  
 
 
 
 
 
 
 
 
 
2004

2005

3

29

93 

 
 
 
  
  
  
  
 
 
 
  
  
  
 
 
 
2004 12 31

5-1

1,595,748,018.72

1,338,071,065.01

1,518,504,867.89

1,233,894,550.30

5-15

1,421,008,090.49

1,935,206,647.90

1,354,008,090.49

1,700,206,647.90

5-2

26,285,447.72

13,326,406.71

-

5-16

627,513,115.76

429,677,906.10

588,513,115.76

404,177,906.10

5-3

34,466,424.25

24,334,841.31

33,832,286.98

24,334,841.31

5-17

699,159,473.20

478,138,368.87

662,723,346.69

463,208,918.50

-

-

5-18

311,604,627.90

447,677,422.50

306,704,185.90

237,632,735.19

-

-

65,223.90

169,752.57

-

-

5-4

748,696,269.54

657,342,162.45

714,592,608.19

616,232,640.67

12,378,141.04

9,090,919.63

11,382,242.20

8,023,662.82

5-5

125,429,938.44

82,152,277.09

107,145,702.55

62,305,203.85

5-19

13,512,258.07

8,107,164.00

12,773,882.80

8,107,164.00

5-6

421,883,971.54

434,439,762.44

409,558,750.18

310,046,089.89

5-20

16,326,461.10

1,771,706.37

17,190,972.63

8,316,366.73

5-7

130,279,998.20

977,092,842.65

130,279,998.20

977,092,842.65

5-21

229,370.73

-346,351.80

200,558.85

221,446.53

-

-

5-22

48,063,486.38

134,361,260.18

34,970,926.63

110,581,570.44

5-8

306,091,825.95

450,237,756.10

246,552,195.67

138,201,194.34

5-23

3,122,885.69

3,306,887.80

2,807,339.52

3,013,287.80

5-9

129,795.03

4,846,368.64

-

4,622,214.81

-

-

-

-

-

-

-

-

-

-

3,389,011,689.39

3,981,843,482.40

3,160,466,409.66

3,366,729,577.82

5-10

312,248,851.43

195,159,051.46

582,494,317.79

263,448,404.98

3,152,983,134.26

3,447,161,684.12

2,991,274,661.47

2,943,489,706.01

-

-

2,854,120.83

672,200.80

-

315,102,972.26

195,831,252.26

582,494,317.79

263,448,404.98

5-24

2,000,000.00

-

-

-

-

5-11

584,511,019.76

91,903,360.04

78,405,013.67

72,845,616.89

5-25

155,194,783.13

12,463,936.28

-

34,303,964.43

25,461,249.52

28,512,609.18

20,906,078.53

-

-

550,207,055.33

66,442,110.52

49,892,404.49

51,939,538.36

-

-

-

-

155,194,783.13

14,463,936.28

-

550,207,055.33

66,442,110.52

49,892,404.49

51,939,538.36

-

-

-

-

5-12

5,133,473.90

9,420.88

5,000,000.00

-

3,308,177,917.39

3,461,625,620.40

2,991,274,661.47

2,943,489,706.01

-

-

215,473,151.15

56,736,537.02

-

555,340,529.23

66,451,531.40

54,892,404.49

51,939,538.36

5-26

258,692,460.00

198,994,200.00

258,692,460.00

198,994,200.00

-

-

-

-

258,692,460.00

198,994,200.00

258,692,460.00

198,994,200.00

5-13

64,786,372.78

8,289,807.46

-

5-27

294,007,577.24

343,104,268.68

294,007,577.24

343,104,268.68

5-14

639,308.70

1,113,617.44

-

5-28

101,747,734.43

89,205,392.75

100,576,740.00

87,116,980.64

26,216.60

-

35,806,005.31

29,277,087.94

35,262,973.89

28,533,094.21

65,451,898.08

9,403,424.90

5-29

139,819,537.44

98,103,989.52

140,367,070.23

99,462,655.83

5-30

-5,945,911.69

-4,190,027.41

-

12,934,623.00

9,949,710.00

12,934,623.00

9,949,710.00

801,256,020.42

735,167,533.54

806,578,470.47

738,627,815.15

4,324,907,088.96

4,253,529,690.96

3,797,853,131.94

3,682,117,521.16

4,324,907,088.96

4,253,529,690.96

3,797,853,131.94

3,682,117,521.16

: 

: 

    
  
  
  
  
    
  
  
  
  
    
       
       
                         
    
     
     
     
     
    
       
       
       
       
    
     
     
     
     
    
                         
                         
    
     
     
     
     
    
                         
                         
    
              
            
                         
                         
    
     
     
     
     
    
       
         
       
         
    
     
       
     
       
    
       
         
       
         
    
     
     
     
     
    
       
         
       
         
    
     
     
     
     
    
            
           
            
            
    
                         
                         
    
       
     
       
     
    
     
     
     
     
    
         
         
         
         
    
            
         
                         
         
    
                         
                         
    
                         
                         
    
                         
                         
    
                         
                         
    
                         
                         
    
  
  
  
  
    
     
     
     
     
    
  
  
  
  
    
                         
                         
   
         
            
                         
    
     
     
     
     
    
         
                         
                         
    
                         
                         
    
     
       
       
       
    
     
       
                         
        
       
       
       
       
    
                         
                         
     
     
       
       
       
    
                         
                         
        
                         
                         
    
     
       
                         
    
     
       
       
       
    
                         
                         
    
                         
                         
    
         
                
         
                         
    
  
  
  
  
    
                         
                         
     
       
                         
    
     
       
       
       
      
       
     
     
     
     
                         
                         
                         
                         
      
 
 
 
     
     
     
     
    
       
         
                         
    
     
     
     
     
    
            
         
                         
    
     
       
     
       
    
              
                         
        
       
       
       
       
       
         
    
     
       
     
       
   
        
        
                         
    
       
         
       
         
    
     
     
     
     
    
  
  
  
  
  
  
  
  
                                  
                                    
                         
 
 
 
 
:

         2004

1-12

“—”

“—”

5-31 8,998,932,567.07

7,033,082,595.31

8,377,369,836.35

6,746,967,312.15

5-31 8,466,865,648.92

6,588,698,719.62

7,964,998,756.23

6,351,493,697.85

5-32 17,307,434.22

6,869,683.75

1,000,920.94

756,574.46

514,759,483.93

437,514,191.94

411,370,159.18

394,717,039.84

5-33 17,788,699.03

9,482,915.79

17,599,321.58

9,246,157.31

5-34 183,628,249.39

145,688,014.96

167,070,092.25

137,350,429.88

5-35 158,246,712.15

169,578,630.59

142,154,719.29

159,310,652.33

5-36 69,241,792.13

22,592,578.42

65,949,542.65

22,068,182.88

“—”

121,431,429.29

109,137,883.76

53,795,126.57

85,233,932.06

“—”

5-37 7,745,060.99

3,856,333.72

36,106,055.00

15,311,205.62

5-38 1,273,987.84

142,983.53

1,273,987.84

142,983.53

5-39 1,042,993.16

730,796.97

634,338.44

721,840.47

5-40 1,540,012.81

1,673,551.94

1,240,727.04

1,040,388.71

“—”

129,953,458.47

112,194,446.04

90,568,780.81

100,369,572.97

5-41 48,777,367.21

43,614,752.12

23,269,984.05

33,517,294.92

15,739,462.95

4,478,370.55

1,755,884.29

3,076,151.69

-

-

“—”

67,192,512.60

67,177,475.06

67,298,796.76

66,852,278.05

 
 
 
 
 
 
 
 
 
 
 
 
 
 
 
 
 
 
 
 
 
 
 
 
 
 
 
 
 
 
 
 
 
 
 
 
 
 
 
 
 
 
 
 
 
 
 
 
 
 
 
 
 
 
 
 
 
 
 
 
 
 
 
 
 
 
 
 
 
 
         
                
         
 
                  
         
        
 
                  
         
                  
     
         
                 
                 
        
2004

67,177,475.06
82,867,652.17
-
150,045,127.23
8,029,646.18
7,429,221.53
-
-
-
-
134,586,259.52
-
-
9,949,710.00
26,532,560.00
98,103,989.52

67,192,512.60
99,798,505.84

166,991,018.44
7,126,751.71
7,093,756.14

152,770,510.59
-
16,350.15
12,934,623.00
-
139,819,537.44

: 

67,298,796.76
99,462,655.83

166,761,452.59
6,729,879.68
6,729,879.68

153,301,693.23
-
-
12,934,623.00
-
140,367,070.23

:  

66,852,278.05
82,463,103.38
-
149,315,381.43
6,685,227.80
6,685,227.80
-
-
-
-
135,944,925.83
-
-
9,949,710.00
26,532,560.00
99,462,655.83

     
     
                  
      
     
     
                  
      
                       
                        
   
   
                
    
       
       
                    
        
       
       
                    
        
                       
                        
 
                       
                        
                       
                        
                       
                        
   
   
                
    
                       
                       
                                   
                        
            
                       
                                   
                        
     
       
                  
        
                       
     
                                   
      
   
     
                
      
     
           
            
        
        
        
        
        
          
          
        
       
        
          
        
    
:

          2004

1-12

03

5-40

9,439,313,484.36
1,471,557,705.44
142,969,048.37
11,053,840,238.17
9,388,322,592.26
59,035,537.22
112,625,724.21
409,386,467.96
9,969,370,321.65
1,084,469,916.52

8,805,158,070.05
1,453,005,058.68
27,552,209.52
10,285,715,338.25
8,791,837,924.40
48,616,860.39
73,680,707.56
372,475,151.47
9,286,610,643.82
999,104,694.43

85,123,487.93
317,007.84
2,041,802.41
677.80
87,482,975.98
107,401,016.45
393,670,564.56
1,310,595.88
502,382,176.89
-414,899,200.91

317,007.84

317,007.84
5,559,396.78
288,672,980.60

294,232,377.38
-293,915,369.54

138,021,083.00
2,492,168,871.45

2,252,368,871.45

2,630,189,954.45
2,963,367,428.86
78,716,287.49

2,252,368,871.45
2,598,567,428.86
74,380,449.89

3,042,083,716.35
-411,893,761.90

2,672,947,878.75
-420,579,007.30

257,676,953.71

284,610,317.59

      
      
      
      
         
           
    
    
      
      
           
           
         
           
         
         
      
      
      
         
           
                
                
             
        
                       
                                        
           
                
        
         
             
        
         
         
        
             
                                       
         
         
        
        
        
        
         
        
      
      
        
                                        
      
      
        
      
      
        
           
           
        
                                        
      
      
        
        
        
         
         
        
        
        
        
                                        
        
                                        
        
        
        
    
        
        
        
:

          2004

1-12

03

67,298,796.76
-
-
7,155,321.23
7,606,530.65
-
-
4,622,214.81
-
-
-
68,891,510.41
-36,106,055.00
-
-109,339,607.88
712,917,697.14
276,058,286.31
-
999,104,694.43

67,192,512.60
15,739,462.95
-1,755,884.29
8,839,592.18
9,421,394.11
998,638.64
474,308.74
3,763,840.25
315,546.17
3,335.02

73,128,523.06
-8,547,407.05

-291,753,266.19
833,375,461.59
373,455,423.67
-181,564.93
1,084,469,916.52

1

2

3

1,595,748,018.72
1,338,071,065.01

1,518,504,867.89
1,233,894,550.30

: 

:  

257,676,953.71

284,610,317.59

           
           
           
                             
             
            
                             
             
             
             
             
                
                             
                
                             
             
             
                
                             
             
                    
                             
                             
           
           
            
          
                             
        
        
         
         
         
         
               
                             
      
         
      
      
      
      
      
         
         
      
      
      
      
      
       
      
             
             
             
      
             
             
             
             
             
             
             
             
     
             
             
             
      
     
           
            
59,264,371.87
53,750,256.38
5,514,115.49
1,109,177.19
1,109,177.19

15,073,820.52
175,058.96
181,890.24
3,045,147.13
7,401,223.86
4,270,500.33

7,028,953.36
2,805,810.34
4,223,143.02
802,346.06
802,346.06

3,904,017.69
-
2,935,159.23
19,686.21
633,721.43
315,450.82

2004

12

31

355,451.45
285,184.00
70,267.45

2,895,724.93

-

311,119.21
2,584,605.72

355,451.45
285,184.00
70,267.45
-
-

2,895,724.93
-
-
311,119.21
2,584,605.72
-

65,937,873.78
56,270,882.72
9,666,991.06
1,911,523.25
1,911,523.25
-
16,082,113.28
175,058.96
3,117,049.47
2,753,714.13
5,450,339.57
4,585,951.15
-
-
-
-
-
-
-
-
-
-

 :

:

:

       
           
              
              
         
       
           
              
              
         
         
         
           
                
                
           
         
              
                          
           
         
              
                          
           
           
                           
       
           
                     
                          
           
         
            
                           
                          
              
           
            
           
                          
           
          
         
                
                        
              
           
          
         
              
                     
           
           
          
         
              
                          
           
                           
                           
            
                           
                           
                           
            
                           
                           
                           
            
                           
                           
59,370,618.59
53,512,741.18
5,857,877.41
-

14,188,394.55

3,045,147.13
7,401,223.86
3,742,023.56

6,166,714.68
2,169,987.48
3,996,727.20
-

3,884,331.48
-
2,935,159.23

633,721.43
315,450.82

2004

12

31

2,895,724.93

311,119.21
2,584,605.72

-

-

-
-
-
-
-

2,895,724.93
-
-
311,119.21
2,584,605.72
-

65,537,333.27
55,682,728.66
9,854,604.61
-
-
-
15,177,001.10
-
2,935,159.23
2,734,027.92
5,450,339.57
4,057,474.38
-
-
-
-
-
-
-
-
-
-

 :

:

:

       
           
                          
                          
         
       
           
                          
         
         
         
           
                          
           
                        
                          
                          
                           
                          
                           
           
                           
       
           
                     
                          
           
         
                           
                          
                           
           
           
                          
           
          
         
                        
              
           
          
         
              
                     
           
           
          
         
              
                          
           
                           
                           
            
                           
                           
                           
            
                           
                           
                           
            
                           
                           
2004

63.76%

15.04%

8.32%

7.78%

67.03%

15.81%

8.75%

8.18%

1.99

0.47

0.26

0.24

1.99

0.47

0.26

0.24

2004

                                       67,192,512.60
4,167.77

676,113.80
10,000.00
149,731.24

840,012.81
832.75

1,273,987.84

858,250.74
861,542.91
180,617.50

2,895,724.93

6,070,956.67
5,230,943.86
871,685.86
4,359,258.00
62,833,254.60

                                                
                                            
                                              
                                            
                                            
                                                    
                                         
                                            
                                            
                                            
                                                
                                         
                                         
                                            
                                         
                                       
  
  
  
