1 股票代码：603333
2 公司名称：四川明星电缆股份有限公司
3 客户：
(1）按欠款方归集的期末余额前五名的其他应收款情况：
	
3067397.00
1330518.87
900000.00
850000.00
800000.00
6947915.87
1330518.87
42500.00
1373018.87	
(2）期末单项金额重大并单项计提坏帐准备的其他应收款：
	
1774881.74
604365.65
345100.00
121900.00
88744.09
120873.13
172550.00
121900.00
2846247.39
504067.22	
(3）本公司大额应收收款项列示如下：
	
	
(4）已背书未到期的应收票据：
	
	
(5）本公司大额其他应收款项列示如下：
	
	
4 供应商：
(1）账龄超过 1 年的重要应付账款：
	
549881.03
500800.00
476914.27
1527595.30
4099810.11
355048.01
14400.00
30000.00
4499258.12
5239040.36
14400.00
1613260.15
6866700.51
279000.	
(2）账龄超过 1 年的重要其他应付款：
	
226000.00
4970779.16
5196779.16
142452.55
232300.00
1679379.60
7039266.56
9093398.71
245000.00
169426.00
51282.05
465708.05	
(3）账龄超过 3 年的其他应付款明细列示如下：
	
	
(4）大额其他应付款项性质说明：
	
	
