1 股票代码：600891
2 公司名称：哈尔滨秋林集团股份有限公司
3 客户：
(1）按欠款方归集的期末余额前五名的其他应收款情况：
	
111850000.00
118467886.03
20675837.50
10898875.00
7000000.00
268892598.53
716682661.87
180062786.63
3678664.92	
(2）期末单项金额重大并单项计提坏帐准备的其他应收款：
黑龙江奔马实业集团有限公司
哈尔滨通合金属材料有限公司
黑龙江东北电力工程有限责任公司	
111850000.00
20675837.50
10898875.00
143424712.50
55925000.00
10337918.75
5449437.50
71712356.25	
(3）本公司大额应收收款项列示如下：
	
	
(4）已背书未到期的应收票据：
	
	
(5）本公司大额其他应收款项列示如下：
	
	
4 供应商：
(1）账龄超过 1 年的重要应付账款：
	
1078800.23
391298.64
253627.00
1723725.87
87675722.23
20485.31
6689.56
13034.18
87715931.28
97402848.45
39883.46
30252.11
1313.00
97474297.02	
(2）账龄超过 1 年的重要其他应付款：
	
66959584.40
28460651.72
9366745.38
1036000.00
105822981.50
11000000.00
11000000.00	
(3）账龄超过 3 年的其他应付款明细列示如下：
	
	
(4）大额其他应付款项性质说明：
	
	
