1 股票代码：603077
2 公司名称：四川和邦生物科技股份有限公司
3 客户：
(1）按欠款方归集的期末余额前五名的其他应收款情况：
	
600000.00
170000.00
161000.00
100000.00
80200.03
1111200.03
60000.00
8500.00
32200.00
100000.00
4010.00
204710.00	
(2）期末单项金额重大并单项计提坏帐准备的其他应收款：
	
689635.46
689635.46
769528.95
231625.58
31500.00
3322.00
158800.00
1884411.99
34481.77
34481.77
76952.90
46325.12
15750.00
2657.60
158800.00
334967.39	
(3）本公司大额应收收款项列示如下：
	
	
(4）已背书未到期的应收票据：
	
	
(5）本公司大额其他应收款项列示如下：
	
	
4 供应商：
(1）账龄超过 1 年的重要应付账款：
	
16740000.00
8627728.41
7630000.00
6114540.98
3975389.57
3416623.93
46504282.89
19037405.76
84782216.77
103819622.53
51788642.62
51083944.63
102872587.25	
(2）账龄超过 1 年的重要其他应付款：
泸州兴园建设投资开发有限公司	
101545.65
10259676.17
1698355.55
10012987.49
22072564.86
498308.12
1323011.00
4528022.22
541129.72
9184861.33
16075332.39
1698355.55
1698355.55
1282000.00
150000000.00
1282000.00
1282000.	
(3）账龄超过 3 年的其他应付款明细列示如下：
	
	
(4）大额其他应付款项性质说明：
	
	
